%Temps de recherche en secondes 
%nombres de ville 
%nombres d'arcs 
%{c|d} determine si les chemins sont construt par interet croissant ou decroissant 
#Parametres
5;81;500;d

%n° ; interee (le lieu n°0 est le point de depart) ; nom du lieux
#Lieux
0;0;départ
1;74;L1
2;37;L2
3;22;L3
4;3;L4
5;9;L5
6;25;L6
7;70;L7
8;63;L8
9;7;L9
10;8;L10
11;16;L11
12;40;L12
13;2;L13
14;49;L14
15;77;L15
16;23;L16
17;64;L17
18;53;L18
19;49;L19
20;8;L20
21;37;L21
22;71;L22
23;38;L23
24;70;L24
25;26;L25
26;7;L26
27;18;L27
28;31;L28
29;7;L29
30;28;L30
31;16;L31
32;80;L32
33;64;L33
34;38;L34
35;3;L35
36;73;L36
37;62;L37
38;73;L38
39;56;L39
40;68;L40
41;1;L41
42;72;L42
43;28;L43
44;2;L44
45;40;L45
46;25;L46
47;24;L47
48;24;L48
49;77;L49
50;73;L50
51;31;L51
52;34;L52
53;63;L53
54;68;L54
55;24;L55
56;9;L56
57;74;L57
58;42;L58
59;40;L59
60;1;L60
61;70;L61
62;55;L62
63;1;L63
64;54;L64
65;12;L65
66;4;L66
67;46;L67
68;74;L68
69;77;L69
70;21;L70
71;62;L71
72;77;L72
73;13;L73
74;9;L74
75;79;L75
76;52;L76
77;33;L77
78;23;L78
79;76;L79
80;38;L80

%n°Lieux 1, n°Lieux 2, distance : insecurité
#Arcs
47;31;26;64
69;49;23;6
7;39;62;13
71;74;45;62
70;63;20;64
27;56;69;46
43;68;77;13
0;75;19;17
40;37;61;57
21;26;67;62
22;36;24;31
51;2;46;36
54;17;66;2
51;8;47;23
16;25;28;7
71;7;8;76
7;29;35;8
61;75;71;10
67;5;16;69
16;32;15;68
1;69;52;47
37;4;20;44
15;77;37;1
38;62;45;63
64;60;51;28
45;43;37;45
68;50;1;7
40;11;57;78
2;48;4;12
7;31;79;3
7;2;58;24
34;1;25;43
77;80;21;8
14;42;39;37
25;76;69;25
67;62;41;72
41;17;27;2
68;63;66;37
67;57;60;8
1;55;7;59
8;9;52;19
8;13;3;39
52;58;53;14
62;26;37;20
60;21;50;62
69;2;1;21
53;34;45;16
67;51;5;69
49;78;71;30
39;39;60;5
3;2;19;57
51;66;43;76
77;43;80;49
19;79;56;57
8;47;7;58
61;23;50;76
65;42;12;21
77;17;7;65
20;34;27;74
67;9;15;33
4;49;6;67
27;37;4;17
21;11;40;75
0;48;26;75
41;79;42;53
46;6;29;19
68;30;67;66
2;16;69;55
34;69;14;56
54;7;46;73
4;72;75;33
43;79;66;74
63;20;48;32
56;49;48;47
25;25;23;14
43;42;18;13
45;52;48;67
78;59;67;30
30;13;22;2
13;49;39;17
37;17;47;34
33;15;41;58
65;34;1;12
33;61;46;3
53;14;16;34
73;1;7;70
13;3;16;78
37;56;27;55
69;18;14;54
34;37;42;72
24;65;42;7
74;68;19;41
61;74;45;8
45;77;1;2
74;36;45;35
22;73;6;61
11;2;29;20
61;66;31;20
25;9;74;36
46;72;43;76
35;74;76;13
29;0;69;69
8;70;28;70
17;14;44;44
5;49;37;35
33;14;50;4
61;57;61;56
50;20;4;22
31;73;36;34
10;70;3;57
64;70;43;38
68;10;2;67
44;5;43;35
48;23;43;50
21;71;48;70
16;19;58;68
41;24;50;39
35;75;63;67
54;76;5;42
30;43;64;13
69;32;24;59
78;61;46;49
23;30;2;54
49;26;69;66
43;57;47;50
17;66;47;8
71;18;75;47
55;59;76;70
79;52;78;28
16;28;69;3
20;50;38;65
33;46;74;40
45;28;57;71
29;40;65;55
51;61;37;4
50;78;14;26
63;54;35;58
31;37;18;60
20;18;18;47
13;47;70;12
42;27;20;37
3;7;60;5
1;58;72;78
5;32;62;71
51;30;22;55
23;49;40;68
22;51;39;58
11;55;72;14
58;43;23;54
76;46;44;20
41;18;55;27
46;76;46;32
74;26;9;69
65;49;57;80
15;21;35;18
37;3;55;38
1;35;24;7
6;40;29;65
11;62;50;27
80;7;21;35
22;68;17;67
32;32;8;12
33;53;14;75
68;15;74;58
61;72;72;67
4;33;51;78
37;12;7;3
43;46;26;45
35;71;69;58
57;30;24;50
57;13;16;56
78;17;8;14
61;38;3;55
59;71;8;54
2;49;70;4
31;68;25;30
1;40;47;41
24;19;29;62
43;43;17;43
59;3;69;14
20;66;72;2
4;61;71;69
25;79;35;46
13;12;1;70
69;30;48;69
40;19;69;64
50;15;55;27
71;65;71;76
46;59;17;49
62;77;25;54
71;72;12;30
69;46;34;36
13;28;32;65
23;44;26;24
56;62;27;13
75;20;24;52
27;78;76;22
13;75;34;16
38;66;49;16
63;68;65;79
71;25;57;66
15;79;65;71
60;4;72;12
51;63;60;41
74;70;72;44
63;53;62;16
2;51;5;70
75;29;39;4
7;73;10;77
46;13;21;33
54;32;28;18
27;58;2;79
50;75;12;22
79;30;63;64
41;70;2;68
39;24;59;10
39;49;51;47
11;5;56;14
30;8;49;5
4;28;68;16
73;1;1;68
20;0;60;34
74;75;22;51
6;30;33;53
43;44;6;58
49;56;48;64
1;50;56;24
71;42;1;79
62;50;1;79
39;36;25;39
53;29;65;78
52;75;58;65
54;34;9;29
33;34;57;10
22;58;37;25
48;23;1;72
15;6;38;25
25;28;42;15
43;53;39;75
22;80;48;22
71;42;62;47
16;4;67;13
50;57;49;20
41;36;73;68
15;34;49;76
11;47;50;7
80;61;51;77
54;3;20;43
22;53;26;21
30;70;20;1
58;31;7;58
15;55;27;8
50;70;80;35
51;25;28;29
21;4;59;60
13;34;5;12
20;1;76;12
22;55;34;3
3;76;6;11
1;51;77;11
62;11;58;42
57;25;71;8
54;46;54;75
36;45;67;70
9;59;47;17
77;23;11;20
3;69;67;62
25;66;5;42
21;51;52;34
46;41;26;57
48;65;53;63
11;12;34;80
63;46;13;69
17;42;22;2
52;49;26;68
78;0;61;64
29;9;71;8
52;29;77;64
51;3;80;26
51;62;17;29
1;18;17;65
29;35;7;4
66;36;43;36
52;7;16;20
0;61;35;32
7;41;21;16
65;41;21;32
20;63;31;44
29;16;55;19
68;37;26;42
22;34;27;54
11;27;32;60
45;62;16;50
76;80;80;49
47;73;19;50
54;40;63;67
72;23;11;68
51;62;6;31
79;26;68;28
13;75;63;21
17;23;32;7
47;10;41;11
24;7;16;21
0;69;44;75
65;53;62;12
77;56;42;8
78;69;24;59
13;62;52;20
48;5;38;72
49;73;24;5
64;44;69;48
50;24;54;56
78;28;31;8
50;80;31;4
21;32;70;76
79;9;65;40
57;41;52;19
6;74;10;27
18;72;16;3
6;58;26;37
74;30;36;68
41;25;42;57
17;4;58;17
38;11;52;38
36;24;42;25
65;78;76;66
12;52;35;24
28;48;52;12
36;59;2;17
11;78;23;52
41;42;35;33
53;1;33;24
58;8;63;62
66;49;50;53
53;71;76;19
42;61;44;74
62;25;11;60
51;60;20;77
56;43;16;13
30;31;49;51
19;52;43;2
39;6;4;60
80;55;23;27
17;0;74;9
8;6;35;64
21;6;12;22
15;9;59;49
65;47;6;2
27;80;22;48
34;0;74;52
72;25;32;39
21;29;58;36
75;25;35;28
8;29;9;55
60;41;29;74
30;50;77;52
74;26;5;41
72;12;64;17
59;18;49;63
29;5;6;58
3;10;6;69
19;60;3;15
1;7;38;1
61;18;68;51
4;29;52;68
55;78;33;19
23;80;31;44
67;55;63;48
25;57;53;15
79;42;47;57
16;5;32;18
45;29;15;16
38;48;51;37
16;60;54;45
62;29;8;25
47;55;5;20
37;67;66;67
77;39;67;74
32;22;11;21
65;67;8;34
30;39;60;45
23;47;42;60
5;16;65;70
25;65;14;72
32;77;50;35
66;57;13;63
55;35;10;44
25;22;55;75
57;70;77;80
34;53;58;26
54;28;60;52
60;0;2;69
54;33;61;41
56;35;18;52
41;19;69;39
58;63;32;29
30;32;50;71
65;18;20;3
45;37;15;76
56;9;23;5
64;60;67;59
61;42;47;14
20;38;37;21
21;28;37;15
77;22;20;58
2;68;45;45
69;3;41;34
34;9;6;44
79;26;31;38
20;25;52;55
19;76;13;78
29;66;11;3
43;72;13;34
25;11;77;68
54;51;24;74
75;68;63;68
10;69;10;51
29;5;34;37
19;10;37;63
68;58;6;50
63;59;12;63
74;38;17;35
47;58;8;39
36;11;72;24
49;74;34;7
8;77;76;77
14;74;24;53
79;26;4;77
73;15;16;79
59;31;39;48
55;35;26;1
57;76;2;58
40;74;5;61
76;74;63;22
78;24;39;72
37;15;25;39
78;61;28;67
66;27;80;25
71;25;30;2
77;7;59;25
6;52;51;79
10;20;43;80
25;73;69;27
50;43;63;33
35;32;39;67
80;43;13;20
45;31;46;20
45;20;49;38
28;49;46;57
64;41;2;2
32;79;55;7
11;27;58;40
58;80;18;36
80;56;62;46
48;39;49;64
26;74;51;43
7;53;58;42
63;32;73;36
25;19;55;39
0;68;74;41
42;64;31;3
80;54;80;40
57;64;75;19
1;57;35;63
75;48;62;61
55;7;33;10
38;73;60;21
73;28;9;47
41;34;32;35
29;17;9;23
69;36;67;71
47;5;3;34
39;38;51;23
13;29;56;18
16;49;65;66
74;70;10;10
12;73;68;38
62;0;30;5
39;10;59;47
41;41;34;14
45;42;32;7
71;8;33;54
53;69;11;54
23;41;50;43
70;65;15;19
20;27;60;37
49;34;20;5
78;38;72;61
2;60;52;72
74;54;74;43
79;26;65;22
45;43;3;74
74;27;74;3
56;9;60;40
46;19;37;57
69;76;55;63
31;16;13;50
4;11;17;78
61;24;64;30
72;51;45;4
34;29;25;21
